e : 0.3333333333333333
a : 0.3333333333333333
c : 0.3333333333333333
